from
00001
01001
07001
07322
07667
07846
08001
08192
08392
08599
08800
09001
09247
09485
09745
10001
10253
10504
10757
11001
11222
11447
11736
12001
12177
12366
12539
12715
13031
13314
13533
13752
14001
14204
14404
14604
14804
15001
15207
15494
28001
28201
28401
28601
28801
29001
29250
29499
29751
30001
30202
30402
30602
30802
31001
31253
31497
31747
32001
32160
32329
32498
32667
32836
33001
33253
33501
33752
34001
34201
34401
34602
34803
35001
35200
35403
35602
35801
36001
36196
36391
36584
36807
37001
37205
37406
37606
37806
38001
38251
38501
38754
39001
39264
39527
40001
40251
40503
40753
41001
42041
42227
42432
42605HC
42808
43001
43377
43586
43795
44001
44199
44397
44595
44793
45001
45700
46001
46301
46471
metadata
