avg(GB)	naus	total(GB)	nfiles	nfiles/au	dir
20	1	20	1000	1000	Masters-000000-001000
22	1	22	1008	1008	Masters-001001-002000
23	3	69	1059	353	Masters-007001-008000
22.4	5	112	1002	201	Masters-008001-009000
23.75	4	95	1020	255	Masters-009001-010000
24.5	4	98	1002	251	Masters-010001-011000
21.75	4	87	881	221	Masters-011001-012000
19.8	5	99	877	176	Masters-012001-013000
23.5	4	94	875	219	Masters-013001-014000
22.8	5	114	998	200	Masters-014001-015000
22.6667	3	68	621	207	Masters-015001-015700
21.4	5	107	999	200	Masters-028001-029000
24.5	4	98	995	249	Masters-029001-030000
21.6	5	108	1000	200	Masters-030001-031000
22.5	4	90	1044	261	Masters-031001-032000
20.6667	6	124	1014	169	Masters-032000-033000
23.75	4	95	1005	252	Masters-033001-034000
19.8	5	99	997	200	Masters-034001-035000
20.2	5	101	995	199	Masters-035001-036000
19.8	5	99	970	194	Masters-036001-037000
22.8	5	114	996	200	Masters-037001-038000
24	4	96	997	250	Masters-038001-039000
20.6667	3	62	787	263	Masters-039001-040000
20	4	80	998	250	Masters-040001-041000
15	1	15	182	182	Masters-041001-042000
22.2	5	111	1021	205	Masters-042001-043000
23	4	92	834	209	Masters-043001-044000
20.8	5	104	990	198	Masters-044001-045000
18.5	2	37	352	176	Masters-045001-046000
19.3333	3	58	511	171	Masters-046001-047000
